1 0.09375 0.7091346153846154 0.17067307692307693 0.7091346153846154 0.17067307692307693 0.8557692307692307 0.09375 0.8557692307692307
1 0.28365384615384615 0.6274038461538461 0.36778846153846156 0.6274038461538461 0.36778846153846156 0.84375 0.28365384615384615 0.84375
1 0.3557692307692308 0.21634615384615385 0.42788461538461536 0.21634615384615385 0.42788461538461536 0.39903846153846156 0.3557692307692308 0.39903846153846156
1 0.28125 0.1778846153846154 0.33413461538461536 0.1778846153846154 0.33413461538461536 0.28846153846153844 0.28125 0.28846153846153844
1 0.3317307692307692 0.4735576923076923 0.3918269230769231 0.4735576923076923 0.3918269230769231 0.5889423076923077 0.3317307692307692 0.5889423076923077
1 0.44711538461538464 0.2548076923076923 0.5 0.2548076923076923 0.5 0.3701923076923077 0.44711538461538464 0.3701923076923077
7 0.6009615384615384 0.27884615384615385 0.6802884615384616 0.27884615384615385 0.6802884615384616 0.4831730769230769 0.6009615384615384 0.4831730769230769
7 0.7884615384615384 0.15144230769230768 0.8557692307692307 0.15144230769230768 0.8557692307692307 0.27884615384615385 0.7884615384615384 0.27884615384615385
7 0.6947115384615384 0 0.7548076923076923 0 0.7548076923076923 0.10576923076923077 0.6947115384615384 0.10576923076923077
7 0.6081730769230769 0.09375 0.6634615384615384 0.09375 0.6634615384615384 0.20673076923076922 0.6081730769230769 0.20673076923076922
7 0.5336538461538461 0.25961538461538464 0.5865384615384616 0.25961538461538464 0.5865384615384616 0.37259615384615385 0.5336538461538461 0.37259615384615385
7 0.7091346153846154 0.5841346153846154 0.7716346153846154 0.5841346153846154 0.7716346153846154 0.7139423076923077 0.7091346153846154 0.7139423076923077