7 0.4326923076923077 0.5721153846153846 0.5048076923076923 0.5721153846153846 0.5048076923076923 0.7331730769230769 0.4326923076923077 0.7331730769230769
7 0.12980769230769232 0.20192307692307693 0.21153846153846154 0.20192307692307693 0.21153846153846154 0.40865384615384615 0.12980769230769232 0.40865384615384615
7 0.31490384615384615 0.06009615384615385 0.38221153846153844 0.06009615384615385 0.38221153846153844 0.2403846153846154 0.31490384615384615 0.2403846153846154
7 0.41346153846153844 0.36538461538461536 0.4831730769230769 0.36538461538461536 0.4831730769230769 0.5096153846153846 0.41346153846153844 0.5096153846153846
7 0.39663461538461536 0.10096153846153846 0.45913461538461536 0.10096153846153846 0.45913461538461536 0.22596153846153846 0.39663461538461536 0.22596153846153846
7 0.4182692307692308 0.27884615384615385 0.47596153846153844 0.27884615384615385 0.47596153846153844 0.38461538461538464 0.4182692307692308 0.38461538461538464
7 0.24519230769230768 0.11538461538461539 0.3125 0.11538461538461539 0.3125 0.23076923076923078 0.24519230769230768 0.23076923076923078
7 0.2403846153846154 0.2860576923076923 0.2956730769230769 0.2860576923076923 0.2956730769230769 0.39903846153846156 0.2403846153846154 0.39903846153846156
7 0.3389423076923077 0.5048076923076923 0.3942307692307692 0.5048076923076923 0.3942307692307692 0.6298076923076923 0.3389423076923077 0.6298076923076923
1 0.2403846153846154 0.01201923076923077 0.30528846153846156 0.01201923076923077 0.30528846153846156 0.14182692307692307 0.2403846153846154 0.14182692307692307
1 0.22115384615384615 0.5673076923076923 0.30288461538461536 0.5673076923076923 0.30288461538461536 0.7283653846153846 0.22115384615384615 0.7283653846153846
1 0.4879807692307692 0.16826923076923078 0.5408653846153846 0.16826923076923078 0.5408653846153846 0.3125 0.4879807692307692 0.3125
1 0.7331730769230769 0.2091346153846154 0.8197115384615384 0.2091346153846154 0.8197115384615384 0.4110576923076923 0.7331730769230769 0.4110576923076923
1 0.6682692307692307 0.2932692307692308 0.71875 0.2932692307692308 0.71875 0.40625 0.6682692307692307 0.40625
1 0.5288461538461539 0.6081730769230769 0.5865384615384616 0.6081730769230769 0.5865384615384616 0.7331730769230769 0.5288461538461539 0.7331730769230769
1 0.59375 0.4879807692307692 0.6490384615384616 0.4879807692307692 0.6490384615384616 0.6057692307692307 0.59375 0.6057692307692307