1 0.16346153846153846 0.2956730769230769 0.24278846153846154 0.2956730769230769 0.24278846153846154 0.47596153846153844 0.16346153846153846 0.47596153846153844
1 0.1875 0.1875 0.2668269230769231 0.1875 0.2668269230769231 0.375 0.1875 0.375
1 0.1971153846153846 0.15625 0.2644230769230769 0.15625 0.2644230769230769 0.28125 0.1971153846153846 0.28125
1 0.13701923076923078 0.4639423076923077 0.21634615384615385 0.4639423076923077 0.21634615384615385 0.5889423076923077 0.13701923076923078 0.5889423076923077
1 0.2283653846153846 0.057692307692307696 0.28125 0.057692307692307696 0.28125 0.1971153846153846 0.2283653846153846 0.1971153846153846
1 0.1346153846153846 0.5745192307692307 0.20192307692307693 0.5745192307692307 0.20192307692307693 0.7115384615384616 0.1346153846153846 0.7115384615384616
1 0.24759615384615385 0 0.30528846153846156 0 0.30528846153846156 0.11538461538461539 0.24759615384615385 0.11538461538461539
1 0.10096153846153846 0.7091346153846154 0.18028846153846154 0.7091346153846154 0.18028846153846154 0.84375 0.10096153846153846 0.84375
1 0.21634615384615385 0.7163461538461539 0.27884615384615385 0.7163461538461539 0.27884615384615385 0.8341346153846154 0.21634615384615385 0.8341346153846154
1 0.23798076923076922 0.5721153846153846 0.30288461538461536 0.5721153846153846 0.30288461538461536 0.6875 0.23798076923076922 0.6875
1 0.2692307692307692 0.46875 0.3269230769230769 0.46875 0.3269230769230769 0.5769230769230769 0.2692307692307692 0.5769230769230769
1 0.27403846153846156 0.3557692307692308 0.3293269230769231 0.3557692307692308 0.3293269230769231 0.45913461538461536 0.27403846153846156 0.45913461538461536
1 0.28846153846153844 0.2692307692307692 0.3389423076923077 0.2692307692307692 0.3389423076923077 0.3701923076923077 0.28846153846153844 0.3701923076923077
1 0.2980769230769231 0.1875 0.34615384615384615 0.1875 0.34615384615384615 0.29086538461538464 0.2980769230769231 0.29086538461538464
1 0.31971153846153844 0.09615384615384616 0.3629807692307692 0.09615384615384616 0.3629807692307692 0.1971153846153846 0.31971153846153844 0.1971153846153846
1 0.3245192307692308 0.007211538461538462 0.36778846153846156 0.007211538461538462 0.36778846153846156 0.11057692307692307 0.3245192307692308 0.11057692307692307
7 0.8004807692307693 0.19471153846153846 0.8677884615384616 0.19471153846153846 0.8677884615384616 0.37259615384615385 0.8004807692307693 0.37259615384615385
7 0.8125 0.2668269230769231 0.8894230769230769 0.2668269230769231 0.8894230769230769 0.46875 0.8125 0.46875
7 0.8076923076923077 0.13942307692307693 0.875 0.13942307692307693 0.875 0.25961538461538464 0.8076923076923077 0.25961538461538464
7 0.8149038461538461 0.43990384615384615 0.8846153846153846 0.43990384615384615 0.8846153846153846 0.5769230769230769 0.8149038461538461 0.5769230769230769
7 0.8004807692307693 0.03365384615384615 0.8557692307692307 0.03365384615384615 0.8557692307692307 0.17548076923076922 0.8004807692307693 0.17548076923076922
7 0.8293269230769231 0.5576923076923077 0.8990384615384616 0.5576923076923077 0.8990384615384616 0.7043269230769231 0.8293269230769231 0.7043269230769231
7 0.7884615384615384 0 0.8461538461538461 0 0.8461538461538461 0.10336538461538461 0.7884615384615384 0.10336538461538461
7 0.8389423076923077 0.7043269230769231 0.9134615384615384 0.7043269230769231 0.9134615384615384 0.8461538461538461 0.8389423076923077 0.8461538461538461
7 0.7235576923076923 0 0.7692307692307693 0 0.7692307692307693 0.09615384615384616 0.7235576923076923 0.09615384615384616
7 0.7163461538461539 0.07692307692307693 0.7644230769230769 0.07692307692307693 0.7644230769230769 0.18028846153846154 0.7163461538461539 0.18028846153846154
7 0.7283653846153846 0.16105769230769232 0.7764423076923077 0.16105769230769232 0.7764423076923077 0.2668269230769231 0.7283653846153846 0.2668269230769231
7 0.7211538461538461 0.24759615384615385 0.7740384615384616 0.24759615384615385 0.7740384615384616 0.3485576923076923 0.7211538461538461 0.3485576923076923
7 0.7211538461538461 0.3485576923076923 0.7764423076923077 0.3485576923076923 0.7764423076923077 0.4567307692307692 0.7211538461538461 0.4567307692307692
7 0.7283653846153846 0.46153846153846156 0.78125 0.46153846153846156 0.78125 0.5721153846153846 0.7283653846153846 0.5721153846153846
7 0.7331730769230769 0.5817307692307693 0.7908653846153846 0.5817307692307693 0.7908653846153846 0.6971153846153846 0.7331730769230769 0.6971153846153846
7 0.7331730769230769 0.7211538461538461 0.8004807692307693 0.7211538461538461 0.8004807692307693 0.8341346153846154 0.7331730769230769 0.8341346153846154