1 0.7956730769230769 0.7043269230769231 0.875 0.7043269230769231 0.875 0.8413461538461539 0.7956730769230769 0.8413461538461539
1 0.6826923076923077 0.5240384615384616 0.7692307692307693 0.5240384615384616 0.7692307692307693 0.7307692307692307 0.6826923076923077 0.7307692307692307
1 0.5793269230769231 0.23076923076923078 0.6442307692307693 0.23076923076923078 0.6442307692307693 0.4014423076923077 0.5793269230769231 0.4014423076923077
1 0.6682692307692307 0.19951923076923078 0.71875 0.19951923076923078 0.71875 0.30528846153846156 0.6682692307692307 0.30528846153846156
1 0.6802884615384616 0.37740384615384615 0.7331730769230769 0.37740384615384615 0.7331730769230769 0.4831730769230769 0.6802884615384616 0.4831730769230769
1 0.5985576923076923 0.47115384615384615 0.65625 0.47115384615384615 0.65625 0.5793269230769231 0.5985576923076923 0.5793269230769231
1 0.5 0.2644230769230769 0.5552884615384616 0.2644230769230769 0.5552884615384616 0.36778846153846156 0.5 0.36778846153846156
1 0.4182692307692308 0.33413461538461536 0.47836538461538464 0.33413461538461536 0.47836538461538464 0.47115384615384615 0.4182692307692308 0.47115384615384615
7 0.40865384615384615 0.5408653846153846 0.4735576923076923 0.5408653846153846 0.4735576923076923 0.6850961538461539 0.40865384615384615 0.6850961538461539
7 0.33653846153846156 0.20673076923076922 0.40625 0.20673076923076922 0.40625 0.38461538461538464 0.33653846153846156 0.38461538461538464
7 0.2403846153846154 0.2692307692307692 0.3173076923076923 0.2692307692307692 0.3173076923076923 0.4639423076923077 0.2403846153846154 0.4639423076923077
7 0.3293269230769231 0.4230769230769231 0.3942307692307692 0.4230769230769231 0.3942307692307692 0.5697115384615384 0.3293269230769231 0.5697115384615384
7 0.4230769230769231 0.25961538461538464 0.4735576923076923 0.25961538461538464 0.4735576923076923 0.3629807692307692 0.4230769230769231 0.3629807692307692
7 0.27884615384615385 0.16105769230769232 0.3269230769230769 0.16105769230769232 0.3269230769230769 0.2668269230769231 0.27884615384615385 0.2668269230769231
7 0.23317307692307693 0.5552884615384616 0.2932692307692308 0.5552884615384616 0.2932692307692308 0.6682692307692307 0.23317307692307693 0.6682692307692307
7 0.28125 0.009615384615384616 0.3317307692307692 0.009615384615384616 0.3317307692307692 0.11057692307692307 0.28125 0.11057692307692307
7 0.19951923076923078 0.007211538461538462 0.2620192307692308 0.007211538461538462 0.2620192307692308 0.10817307692307693 0.19951923076923078 0.10817307692307693
7 0.6057692307692307 0.6706730769230769 0.6754807692307693 0.6706730769230769 0.6754807692307693 0.8197115384615384 0.6057692307692307 0.8197115384615384